24959
22675
10919
24614
10534
23101
10106
4646
31539
32068
22829
13148
12566
21391
23050
9939
23312
22989
12184
24957
4589
32111
4162
25934
9935
14510
12192
21983
11989
22925
22676
30575
23780
22313
13711
12614
25616
12816
25568
8438
21012
9111
21559
24958
23449
20254
11820
22261
12186
0408
24708
7133
10100
23519
4288
24702
30904
23983
22512
21535
4611
20871
21247
13213
22678
10704
23444
11738
12073
12956
3885
22882
24184
21997
30906
13925
21511
26674
14887
11588
11144
4429
20879
22033
3802
22983
20881
10828
13928
4032
24615
24214
8960
23838
10279
10920
13194
9112
7334
12087
10893
11988
33286
12864
23950
25753
9664
25803
25492
0920
12644
0552
7009
11560
22034
24223
30707
10915
22775
20740
24617
4733
22263
4907
25939
30219
30017
25715
20968
12893
4917
13343
25067
4401
23641
10869
4728
13923
0926
12896
30400
23411
12974
20146
20714
32027
24701
13550
10892
10418
4918
4588
11801
20145
23443
23707
10324
23100
14511
22885
0592
10521
23297
0415
4404
10691
7090
0928
4214
20259
22445
13844
20271
9695
23841
3662
0927
11318
4241
13587
22884
21356
25617
23425
21518
4593
4746
23268
4148
20249
20234
10105
23436
12478
23445
0915
4748
22191
21232
23589
14910
22259
30218
23806
11950
9891
0500
14860
20867
12166
12939
10049
13155
23067
23984
20508
21387
22661
10333
22962
13130
22997
9941
30995
21237
4272
8437
24217
22691
20449
31742
4888
4941
12040
21144
22506
11313
24847
11783
9934
32025
23982
22811
20868
12185
23949
12616
10401
22879
0924
14885
30987
26060
22521
32069
21705
13927
0925
10930
20715
24848
21234
24218
13034
10703
13946
25696
21453
23829
7065
4889
22773
24956
8069
25044
21994
12952
14443
22492
22035
12228
23275
12960
25569
14453
25113
22979
20878
31294
20352
13972
14232
31003
0665
13200
12142
23061
12143
23447
32299
8958
13129
12951
12130
24310
11145
7869
20865
30229
12701
10134
0919
13201
3908
23057
22774
11742
11972
20986
23295
25615
0234
11317
10273
23918
11799
25691
23640
22038
9931
10515
23298
12165
20521
11782
20133
13131
30905
6847
9298
22883
30217
11802
10617
0567
22991
22083
23049
24185
12954
21302
23450
23638
0490
12863
12861
14513
12177
30231
22031
22963
23489
32328
31741
12311
4890
12862
0499
12482
22928
7770
0776
22659
11736
12048
12138
4759
25695
23917
25811
12483
12895
30903
13029
32110
12955
30576
10895
21489
22494
12615
22316
32026
24072
7335
25802
14243
23916
14886
12484
0452
22857
9374
10693
12607
7882
10595
23842
24222
22748
13157
0264
23269
14002
0132
9259
25614
25671
25066
24961
12894
10585
20731
10069
24221
25798
21107
11800
26675
23446
30435
14233
20270
10924
11217
10858
12174
22314
0193
4983
20849
13860
4789
24183
7041
12995
21512
9258
0257
11204
14445
25932
20614
23276
30434
0912
10438
30230
24878
23048
22036
21961
12953
21250
4192
4073
3661
12564
10649
11786
23674
13054
24220
12451
22312
23063
32544
0501