14312
31810
9934
4040
23641
26298
13343
12656
32026
11783
14633
9111
15609
14996
10915
12484
21994
20349
13906
26667
32823
26743
25913
3661
32765
13201
23589
14429
11630
11585
23297
21157
25934
15484
22494
0700
27488
13017
24825
21302
10921
11736
34011
10094
13931
21012
27178
0988
22925
21707
15165
33593
23446
33535
12614
12952
23027
30707
26351
15233
12816
10106
33390
15312
13157
4646
23918
12228
33310
32024
23110
24712
22997
24540
22675
4785
34017
14765
12701
23707
23726
10350
20715
10920
23608
30576
20866
27415
12939
13928
24072
11318
20986
27002
14232
26863
32025
24961
13985
12130
26990
34587
21120
33622
10585
20880
13009
23494
14774
11317
4073
32328
27249
15647
20249
12560
13934
0927
0234
10521
11156
23601
10049
14510
11872
23425
29078
12893
23100
22492
12896
8960
13550
21250
25801
26936
22106
25615
7075
11814
24506
30435
28075
15041
30131
13108
14547
33853
21652
7335
32091
31466
22884
0406
20879
15558
10069
13791
13743
21502
21236
13131
22174
13923
9695
4917
12607
23801
22033
4789
33364
21152
23721
26330
23941
22937
12142
4162
10273
12143
7334
26364
10930
22259
9939
30022
11557
32114
15954
14885
30218
22924
22037
15123
14078
15039
4148
22882
10418
4270
33481
23293
24957
25798
12177
33300
21961
22963
23448
20731
28523
21896
33285
24387
12244
32066
27888
9013
13701
14579
9277
11782
21145
25753
25695
25939
34195
4429
34817
31912
13391
4288
20259
10924
25730
15210
11550
23970
32111
10772
4589
22989
12737
13026
20508
0924
4629
7770
12719
10109
34520
27777
27984
25803
24220
26003
22521
0415
34218
4728
22926
10595
0264
11742
12186
28233
15606
12974
7090
14368
10836
23690
33198
10815
33305
23489
12165
14224
12638
22980
23984
26707
26155
34371
12859
14511
14791
21951
13946
3817
7882
12885
23892
15975
11673
0912
4241
26616
3662
12478
13057
20277
24184
12616
4941
23441
10617
13129
22885
23101
13485
12482
3885
22295
26809
14875
14678
27460
22382
21129
13972
20877
24959
10333
25932
32118
12884
26455
25412
24182
23450
12311
23949
30535
34220
33861
7869
25617
32299
22102
12863
20266
24780
23698
4032
22962
22445
10996
23444
23674
34541
28754
21232
30987
22689
24058
20234
10134
26567
27011
4746
32245
11388
26835
21429
24783
7065
10892
14003
0499
10919
4611
30004
24700
22035
24848
25264
21391
3802
21237
21358
27696
24876
10415
30434
26858
30904
20133
22829
0031
26992
28658
34832
26067
20449
23766
14453
21683
27020
23638
24615
23312
29323
20270
4733
28223
25524
12960
34726
21484
22678
14790
29326
10789
4889
22261
15622
23519
30217
31003
31294
15163
12581
23818
21535
28244
11606
20146
33762
34679
23982
12576
33293
24470
12864
15802
30946
26322
12605
27758
23755
26306
11732
12956
13662
32954
24617
4759
27164
0776
15948
33621
33528
25107
10665
11172
6847
22890
20352
11802
33214
34744
15414
26782
25691
11972
33477
0945
12860
23411
30219
27971
22659
12615
14874
27431
26377
11217
11467
22830
20248
4918
22473
11820
20740
20714
24702
26838
10735
12528
21383
3951
4192
13634
13261
12483
33676
14860
21308
7544
15240
13969
11950
10858
13439
30231
28585
14802
32069
26360
22265
15936
13922
23691
3842
24223
20806
20215
34090
20145
9941
11988
4792
25713
9259
12995
4345
16330
20928
24369
8911
27012
8069
16000
23269
14887
15328
22264
21132
27480
12738
25924
13179
22312
27062
13213
20878
30234
0500
21924
11827
15690
13711
0510
20278
15212
34046
28539
33286
15365
13927
23443
9785
12174
11786
14233
27240
12955
0132
11800
27963
22676
12704
11989
0004
12610
12644
25113
24877
33666
20871
24218
13200
26741
26434
26438
24185
25614
13029
3766
30575
0915
13119
14388
10704
0490
24217
23482
12953
24128
0408
4748
11837
12256
23780
7039
13097
24708
0928
24701
26674
30008
23640
11784
25067
14121
26475
23004
14532
27795
22811
4907
0257
33316
23275
11629
22032
13947
15540
33242
24896
11799
24280
13342
10649
22400
14793
0038
13002
13898
26874
26192
23222
8315
10100
22792
33362
10394
27393
26856
23449
33761
34519
0552
14124
6770
23806
22038
10658
20883
24222
26593
14764
14442
30906
30216
13155
32027
24897
23838
0567
13075
34598
27335
4593
13036
10361
21983
23897
10401
8437
31741
10515
23276
21600
11519
0874
9257
12951
27533
30017
26454
22422
30802
22879
27656
23048
31198
12894
0925
20881
12634
24271
0923
30903
22329
22314
11934
23600
11204
10105
4401
7133
0665
26381
22506
25671
31061
23351
25827
23298
33108
25811
21387
23061
12895
4975
21518
10534
10619
13054
20753
12073
14220
26426
9298
14779
11729
21234
24270
20839
23057
15327
21902
26162
12861
24847
13130
22191
12451
10899
23950
11144
26732
23208
14910
30995
29028
26612
23842
15364
20968
28248
32633
23925
11560
12606
25616
20867
12048
13020
22123
20521
14570
23063
14445
33331
31742
22775
13860
26812
11517
10703
26540
7348
27401
31915
15804
10279
32110
24181
14066
20271
27913
14582
23036
14331
14391
33231
28693
32863
12158
21997
27419
32544
13789
23019
23050
26356
12608
26439
25569
0920
27945
0919
27386
12138
21511
27986
4337
22263
22017
26823
21705
30905
11803
15073
33144
32097
22034
27481
14716
12564
26833
13786
15521
31539
10391
4214
30495
23709
12709
10676
4888
27028
3908
24286
23102
21247
23067
21559
0922
12184
26383
22991
22774
20868
13199
26625
23268
12566
14634
25492
3765
24614
30230
14886
21107
20849
26673
22692
31325
9374
21356
14650
28546
23829
31495
10914
9664
11738
27645
12104
4404
13793
11990
22145
21512
22311
4890
9258
15362
24878
32068
27422
10218
28466
23049
15229
12862
4588
22427
23327
30229
25802
13294
12933
8438
27320
0501
7009
31950
11215
12040
22773
26837
15682
23447
10917
27008
22083
33494
33832
13844
14002
26920
31526
13797
21929
32063
22857
12166
14428
28907
26716
8958
20254
14197
10586
23841
0981
12002
30810
31305
26767
4272
25574
13035
15527
22260
24958
26431
11588
21811
26916
30548
29289
10691
4960
15937
21599
33983
24214
14383
4983
0498
33537
27273
26179
15646
10320
24310
27175
21672
9891
12185
11801
22309
22983
21144
10828
27326
22315
4173
25527
25066
31165
15110
28538
9112
10182
29714
0592
33986
7041
22883
10093
13587
22928
15785
23916
25568
13925
27666
26028
21453
15574
13194
25074
10088
10143
9851
16007
23445
34121
21212
11041
27898
26419
28332
24057
24956
15027
23436
29245
14443
13034
21489
0926
0071
8481
12140
26760
23983
0193
9935
22748
10102
24056
24889
10893
33501
23917
24183
26382
22036
30400
24221
15415
14847
22661
28275
11145
0275
27009
22031
14122
20865
14243
34731
10324
20538
20614
29511
9931
10058
10693
30299
10869
24059
22979
32824
26675
22313
25044
22316
23503
14690
10769
33196
25743
14115
